
strategic_region={
	id=280
	name="STRATEGICREGION_280"
	provinces={
		426 449 481 484 498 500 509 520 533 585 618 717 719 742 745 750 757 759 765 775 3413 3417 3435 3439 3443 3461 3464 3475 3478 3487 3489 3503 3505 3519 3529 3540 3555 3587 3597 3720 3726 3734 3746 3752 3760 3765 3774 3777 3779 6417 6463 6468 6486 6490 6503 6516 6527 6541 6544 6566 6620 6741 6755 6758 6760 6765 6768 6781 6783 6791 6794 6796 9415 9417 9426 9430 9440 9442 9455 9459 9474 9488 9504 9516 9530 9540 9565 9581 9592 9594 9688 9696 9709 9720 9722 9735 9739 9742 9744 9753 11400 11403 11416 11418 11429 11434 11447 11450 11459 11474 11476 11484 11501 11559 11566 11579 11668 11681 11706 11724 11727 11729 11736 
	}
	weather={
	}
}
