
strategic_region={
	id=283
	name="STRATEGICREGION_283"
	provinces={
		232 275 313 340 356 367 396 413 433 437 471 473 487 510 518 534 544 578 579 3199 3221 3266 3291 3304 3318 3332 3346 3360 3389 3426 3431 3465 3469 3504 3527 3539 3566 3567 3578 3582 6230 6317 6328 6329 6341 6353 6369 6398 6428 6450 6454 6477 6492 6494 6528 6553 6563 6587 6591 6602 9245 9312 9339 9367 9394 9422 9424 9436 9448 9460 9464 9489 9502 9529 9552 9564 9579 11227 11296 11323 11351 11381 11396 11408 11412 11423 11436 11449 11451 11475 11485 11512 11527 11540 11551 11555 
	}
	weather={
	}
}
