
state={
	id=495
	name="STATE_495"

	history={
		owner = NOO
		add_core_of = NOO
		buildings = {

		}

	}

	provinces={
		5083 5214 10934 13083 13323 13331 13332 13333 13334 13335 13336 13337 13338 13339 13340 13341 13342 13343 13344 13345 13346 13350 13354 13356 13357 13358 13359 13360 13361 13362 13363 13364 13365 13366 13367 13368 13369 13381 13397 13410 13411 13412 13413 13414 13416 13417 13418 13419 13421 13422 13423 13430 
	}
	manpower=1
	buildings_max_level_factor=1.000
	state_category=pastoral
	local_supplies=0.000
}
